0.000000000000000000e+00 5.000000000000000000e+01
4.357787000000000077e+00 4.980973500000000342e+01
8.682408999999999821e+00 4.924038800000000293e+01
1.294095199999999934e+01 4.829629099999999653e+01
1.710100699999999918e+01 4.698463100000000026e+01
2.113091299999999961e+01 4.531538900000000325e+01
2.500000000000000000e+01 4.330127000000000237e+01
2.867882200000000026e+01 4.095760200000000140e+01
3.213938000000000272e+01 3.830222200000000043e+01
3.535533900000000074e+01 3.535533900000000074e+01
3.830222200000000043e+01 3.213938000000000272e+01
4.095760200000000140e+01 2.867882200000000026e+01
4.330127000000000237e+01 2.500000000000000000e+01
4.531538900000000325e+01 2.113091299999999961e+01
4.698463100000000026e+01 1.710100699999999918e+01
4.829629099999999653e+01 1.294095199999999934e+01
4.924038800000000293e+01 8.682408999999999821e+00
4.980973500000000342e+01 4.357787000000000077e+00
5.000000000000000000e+01 0.000000000000000000e+00
6.000000000000000000e+01 0.000000000000000000e+00
7.000000000000000000e+01 0.000000000000000000e+00
8.000000000000000000e+01 0.000000000000000000e+00
9.000000000000000000e+01 0.000000000000000000e+00
1.000000000000000000e+02 0.000000000000000000e+00
1.000000000000000000e+02 1.000000000000000000e+01
1.000000000000000000e+02 2.000000000000000000e+01
1.000000000000000000e+02 3.000000000000000000e+01
1.000000000000000000e+02 4.000000000000000000e+01
1.000000000000000000e+02 5.000000000000000000e+01
1.000000000000000000e+02 6.000000000000000000e+01
1.000000000000000000e+02 7.000000000000000000e+01
1.000000000000000000e+02 8.000000000000000000e+01
1.000000000000000000e+02 9.000000000000000000e+01
1.000000000000000000e+02 1.000000000000000000e+02
1.000000000000000000e+02 1.100000000000000000e+02
1.000000000000000000e+02 1.200000000000000000e+02
1.000000000000000000e+02 1.300000000000000000e+02
1.000000000000000000e+02 1.400000000000000000e+02
1.000000000000000000e+02 1.500000000000000000e+02
1.000000000000000000e+02 1.600000000000000000e+02
1.000000000000000000e+02 1.700000000000000000e+02
1.000000000000000000e+02 1.800000000000000000e+02
1.000000000000000000e+02 1.900000000000000000e+02
1.000000000000000000e+02 2.000000000000000000e+02
9.000000000000000000e+01 2.000000000000000000e+02
8.000000000000000000e+01 2.000000000000000000e+02
7.000000000000000000e+01 2.000000000000000000e+02
6.000000000000000000e+01 2.000000000000000000e+02
5.000000000000000000e+01 2.000000000000000000e+02
4.000000000000000000e+01 2.000000000000000000e+02
3.000000000000000000e+01 2.000000000000000000e+02
2.000000000000000000e+01 2.000000000000000000e+02
1.000000000000000000e+01 2.000000000000000000e+02
0.000000000000000000e+00 2.000000000000000000e+02
0.000000000000000000e+00 1.900000000000000000e+02
0.000000000000000000e+00 1.800000000000000000e+02
0.000000000000000000e+00 1.700000000000000000e+02
0.000000000000000000e+00 1.600000000000000000e+02
0.000000000000000000e+00 1.500000000000000000e+02
0.000000000000000000e+00 1.400000000000000000e+02
0.000000000000000000e+00 1.300000000000000000e+02
0.000000000000000000e+00 1.200000000000000000e+02
0.000000000000000000e+00 1.100000000000000000e+02
0.000000000000000000e+00 1.000000000000000000e+02
0.000000000000000000e+00 9.000000000000000000e+01
0.000000000000000000e+00 8.000000000000000000e+01
0.000000000000000000e+00 7.000000000000000000e+01
0.000000000000000000e+00 6.000000000000000000e+01
0.000000000000000000e+00 5.500000000000000000e+01
6.474611799999999562e+01 9.472018000000000271e+00
7.474611799999999562e+01 9.472018000000000271e+00
8.474611799999999562e+01 9.472018000000000271e+00
5.888666299999999865e+01 1.818860000000000099e+01
7.153428399999999954e+01 1.942238299999999995e+01
8.153428399999999954e+01 1.942238299999999995e+01
8.983909699999999532e+01 2.504054100000000105e+01
5.384681900000000354e+01 2.830581899999999962e+01
6.384681900000000354e+01 2.830581899999999962e+01
7.654426399999999830e+01 3.006785500000000155e+01
8.795811899999999639e+01 3.591691999999999751e+01
4.747927299999999917e+01 3.807390099999999933e+01
5.747927299999999917e+01 3.807390099999999933e+01
6.747927300000000628e+01 3.807390099999999933e+01
7.780375899999999945e+01 4.034095400000000353e+01
4.037847599999999915e+01 4.523646099999999848e+01
5.288908200000000193e+01 4.787728599999999801e+01
6.288908200000000193e+01 4.787728599999999801e+01
8.622241599999999551e+01 4.787728599999999801e+01
7.500000000000000000e+01 5.065373799999999704e+01
3.000000000000000000e+01 5.354048999999999836e+01
4.166666699999999679e+01 5.642724100000000220e+01
1.000000000000000000e+01 5.931399199999999894e+01
2.000000000000000000e+01 5.931399199999999894e+01
5.333333300000000321e+01 5.931399199999999894e+01
6.333333300000000321e+01 5.931399199999999894e+01
8.000000000000000000e+01 5.931399199999999894e+01
9.000000000000000000e+01 5.931399199999999894e+01
3.000000000000000000e+01 6.508749500000000410e+01
1.500000000000000000e+01 6.797424599999999373e+01
4.166666699999999679e+01 6.797424599999999373e+01
5.833333300000000321e+01 6.797424599999999373e+01
6.833333299999999610e+01 6.797424599999999373e+01
8.500000000000000000e+01 6.797424599999999373e+01
2.500000000000000000e+01 7.374774899999999889e+01
1.000000000000000000e+01 7.663450000000000273e+01
3.666666699999999679e+01 7.663450000000000273e+01
4.666666699999999679e+01 7.663450000000000273e+01
6.333333300000000321e+01 7.663450000000000273e+01
7.333333299999999610e+01 7.663450000000000273e+01
9.000000000000000000e+01 7.663450000000000273e+01
2.000000000000000000e+01 8.240800299999999368e+01
3.166666700000000034e+01 8.529475399999999752e+01
4.166666699999999679e+01 8.529475399999999752e+01
5.166666699999999679e+01 8.529475399999999752e+01
6.833333299999999610e+01 8.529475399999999752e+01
7.833333299999999610e+01 8.529475399999999752e+01
1.000000000000000000e+01 8.818150599999999883e+01
9.000000000000000000e+01 8.818150599999999883e+01
2.000000000000000000e+01 9.395500800000000652e+01
3.666666699999999679e+01 9.395500800000000652e+01
4.666666699999999679e+01 9.395500800000000652e+01
5.666666699999999679e+01 9.395500800000000652e+01
7.333333299999999610e+01 9.395500800000000652e+01
8.500000000000000000e+01 9.684175999999999362e+01
1.000000000000000000e+01 9.972851099999999747e+01
2.500000000000000000e+01 1.026152620000000013e+02
4.166666699999999679e+01 1.026152620000000013e+02
5.166666699999999679e+01 1.026152620000000013e+02
6.166666699999999679e+01 1.026152620000000013e+02
7.333333299999999610e+01 1.055020140000000026e+02
9.000000000000000000e+01 1.055020140000000026e+02
1.500000000000000000e+01 1.083887650000000065e+02
3.000000000000000000e+01 1.112755159999999961e+02
4.666666699999999679e+01 1.112755159999999961e+02
5.666666699999999679e+01 1.112755159999999961e+02
6.833333299999999610e+01 1.141622679999999974e+02
7.833333299999999610e+01 1.141622679999999974e+02
1.000000000000000000e+01 1.170490190000000013e+02
2.000000000000000000e+01 1.170490190000000013e+02
9.000000000000000000e+01 1.170490190000000013e+02
3.500000000000000000e+01 1.199357700000000051e+02
5.166666699999999679e+01 1.199357700000000051e+02
6.333333300000000321e+01 1.228225220000000064e+02
7.333333299999999610e+01 1.228225220000000064e+02
1.500000000000000000e+01 1.257092729999999960e+02
2.500000000000000000e+01 1.257092729999999960e+02
8.500000000000000000e+01 1.257092729999999960e+02
4.000000000000000000e+01 1.285960249999999974e+02
5.166666699999999679e+01 1.314827760000000012e+02
6.833333299999999610e+01 1.314827760000000012e+02
1.000000000000000000e+01 1.343695270000000050e+02
2.000000000000000000e+01 1.343695270000000050e+02
3.000000000000000000e+01 1.343695270000000050e+02
8.000000000000000000e+01 1.343695270000000050e+02
9.000000000000000000e+01 1.343695270000000050e+02
4.000000000000000000e+01 1.401430300000000102e+02
5.666666699999999679e+01 1.401430300000000102e+02
1.500000000000000000e+01 1.430297810000000140e+02
2.500000000000000000e+01 1.430297810000000140e+02
6.833333299999999610e+01 1.430297810000000140e+02
8.500000000000000000e+01 1.430297810000000140e+02
3.500000000000000000e+01 1.488032839999999908e+02
4.500000000000000000e+01 1.488032839999999908e+02
1.000000000000000000e+01 1.516900349999999946e+02
2.000000000000000000e+01 1.516900349999999946e+02
5.666666699999999679e+01 1.516900349999999946e+02
7.333333299999999610e+01 1.516900349999999946e+02
9.000000000000000000e+01 1.516900349999999946e+02
3.000000000000000000e+01 1.574635379999999998e+02
4.000000000000000000e+01 1.574635379999999998e+02
1.500000000000000000e+01 1.603502890000000036e+02
5.166666699999999679e+01 1.603502890000000036e+02
6.166666699999999679e+01 1.603502890000000036e+02
7.833333299999999610e+01 1.603502890000000036e+02
9.000000000000000000e+01 1.632370410000000049e+02
2.500000000000000000e+01 1.661237920000000088e+02
3.500000000000000000e+01 1.661237920000000088e+02
1.000000000000000000e+01 1.690105430000000126e+02
4.666666699999999679e+01 1.690105430000000126e+02
5.666666699999999679e+01 1.690105430000000126e+02
6.666666700000000390e+01 1.690105430000000126e+02
7.833333299999999610e+01 1.718972950000000139e+02
2.000000000000000000e+01 1.747840459999999894e+02
3.000000000000000000e+01 1.747840459999999894e+02
9.000000000000000000e+01 1.747840459999999894e+02
4.166666699999999679e+01 1.776707969999999932e+02
5.166666699999999679e+01 1.776707969999999932e+02
6.166666699999999679e+01 1.776707969999999932e+02
1.000000000000000000e+01 1.805575489999999945e+02
7.333333299999999610e+01 1.805575489999999945e+02
2.500000000000000000e+01 1.834442999999999984e+02
8.500000000000000000e+01 1.834442999999999984e+02
3.666666699999999679e+01 1.863310510000000022e+02
4.666666699999999679e+01 1.863310510000000022e+02
5.666666699999999679e+01 1.863310510000000022e+02
1.500000000000000000e+01 1.892178030000000035e+02
6.833333299999999610e+01 1.892178030000000035e+02
