-4.992847552284102264e+00
-1.819905584195560877e+01
-1.542151706449009652e+01
-5.690899146606928305e+00
4.027487174378813428e+00
-2.316617616705717708e+01
5.441529234117136582e+01
-4.996968523477779911e+01
1.564821073349328913e+02
-6.505059344760985596e+01
3.213289889693713235e+02
2.864453945804202135e+02
5.052167556345556818e+02
5.969729743873932648e+02
-4.744601671823892985e+01
7.765547938027193595e+02
-5.629809498861725992e+00
5.628479873567507639e+02
9.177684765825712248e+02
4.914967134849974855e+02
3.894202208394462446e+02
3.151225377019839016e+02
2.747444185263715966e+01
2.146572348024289667e+01
2.144236780686357804e+02
2.629226769417864773e+01
-1.792862550851982650e+00
2.055319258314675324e+01
-3.181915839188260708e+00
-4.696514137714657977e+00
-3.770496390441435253e+00
-3.625023950671949269e+00
-4.104844802465396292e+00
-3.658099532978200674e+00
6.945334334108421714e-01
-1.064575110975809480e+00
-1.227979231778045310e+01
-8.065697829101413419e+00
2.114391333074704615e+00
1.457280086671164820e+00
3.558765225295451029e-01
-1.365761326392097574e+00
2.379519925119841783e+00
6.327487102147227871e-01
1.068320806336571671e+00
8.822270109478967726e+00
1.854312023246857066e+01
6.340280321837930444e+00
2.519290144803309772e+01
3.237025482646390628e+01
5.895854955674642461e+00
5.046121313803352137e+01
5.348762017446625094e+01
1.356184225812504751e+00
9.175884200618559916e+00
1.781607265681374486e+01
2.099367530215531019e+01
-5.901292114219444329e+00
2.836983475539235044e+01
-8.342068241375981685e+00
4.082707494799588943e+01
2.955185492432618588e+01
3.920249927045210825e+01
1.010015770297026449e+01
1.744899297915854675e+01
5.749459053748177340e+00
9.309957083422144564e+00
-5.574124588444630746e+01
-3.256315218569848469e+01
3.924655045234678141e+02
2.035016384353081165e+01
2.313505629618108017e+01
2.932187694116316123e+01
3.435514766602767054e+02
5.147922333914770832e+01
2.793568699833857494e+01
-3.374039536335128275e+01
8.319870960004672966e+00
2.928521940538511714e+01
2.503238297058337736e+01
2.770585752438919940e+02
3.069040210731138814e+02
1.845762598550744471e+01
3.112425294817471055e+01
-4.482094579647124277e+01
-3.881099122637576215e+01
3.691498875075250208e+00
1.281164485234010719e+01
2.824506819903245400e+02
-4.295473249736873100e+01
-5.636945302194693852e+01
1.316024046816224136e+01
-7.137673780857440420e+01
-3.841943223988547373e+01
-1.739264969114517001e+01
2.741084234695006785e+02
9.533204093596614470e+00
-7.805144254735692755e+01
-6.358040647398248524e+01
-5.325418277970474890e+01
2.129487891308958751e+02
-1.896160728373430260e+01
-5.266562691480080716e+00
-7.051215721508813772e+01
-4.236894602600363413e+01
-5.546824810763066438e+01
-5.233464133687733266e+01
-3.716757512980062472e+01
-2.013255181838106722e+01
-7.127514802369710800e+00
-3.264469083265679217e+01
-4.955186953417555173e+01
-5.395441986193797135e+01
-5.003456014122576789e+01
1.893207736779782806e+02
-2.159501171139829268e+01
-3.624869365998700488e+01
-7.271078176588030573e+00
-3.851328358196554547e+01
-4.787337405537584800e+01
-5.080246418374504458e+01
-4.635662128765372358e+01
-4.092798045426449960e+01
-1.710608540672703626e+01
4.087760704110897336e+01
-3.977277601357419456e+01
-4.676202312479777845e+01
-4.803749060073646859e+01
-4.949951166635955957e+01
-3.357720369575795871e+01
-1.105241500208641803e+01
-2.164411585931676285e+01
-3.992466864174979690e+01
-4.551495887408290741e+01
-4.858099526818437397e+01
1.319633222813188524e+02
-2.860109626326034515e+01
4.739664165131299711e+01
-2.764618216387848904e+01
-1.411553527098728189e+01
-3.914630137359302609e+01
-4.238745998683292981e+01
-4.081576918026814838e+01
-3.245647606892800496e+01
-1.649824162805953875e+01
-2.952676602699872177e+01
-2.129325374184071151e+01
-3.717298347585416707e+01
-3.907938332822131855e+01
-3.720946599021915091e+01
4.219857642844917933e+01
4.676814518764776807e+01
-3.559790659568562887e+01
9.837103774213498752e+01
-1.296864454143393885e+01
-3.339609047431552113e+01
-3.580517264472910455e+01
-1.325030841888081490e+01
-2.760723233610453775e+01
-3.183003348738678895e+01
8.618321667933599883e+01
-2.741389776670975209e+01
-3.402201242838020079e+01
3.404371179736600084e+01
-2.021399681455598341e+01
-3.080937536806379740e+01
-2.671748970156945902e+01
-6.411943571656445684e+00
-2.132722250949100129e+01
-2.765498810100402594e+01
-1.375770286655276919e+01
-2.630796877420705471e+01
-2.598856956809171947e+01
-2.187448945277056112e+01
-3.805744015084687515e+00
2.788731853570101293e+01
-2.106342266863377688e+01
-9.312963608619222455e+00
-2.078689018150706502e+01
-2.193596018153280269e+01
-1.665991633167245567e+01
-8.287640127882349717e+00
-9.591953245370701708e+00
-1.422116216286146262e+01
-5.108622801014273129e+00
-1.467266177835822383e+01
-1.633790068318412381e+01
-1.334604254656411904e+01
1.586648731124717671e+01
-1.165077311031744323e+01
-4.996456749681291498e+00
-6.685949162749108332e+00
1.625826247537222002e+01
1.794879503836302703e+01
2.029503926119500790e+01
6.205370284908016565e+00
8.425536460530684835e+00
